object frmPeriodo: TfrmPeriodo
  Left = 0
  Top = 0
  Width = 435
  Height = 122
  TabOrder = 0
  object lbl1: TLabel
    Left = 19
    Top = 39
    Width = 79
    Height = 19
    Caption = 'Data Inicial'
  end
  object lbl2: TLabel
    Left = 143
    Top = 39
    Width = 70
    Height = 19
    Caption = 'Data Final'
  end
  object dtpDataInicial: TDateTimePicker
    Left = 19
    Top = 64
    Width = 94
    Height = 21
    Date = 42370.000011574070000000
    Format = 'dd/MM/yyyy'
    Time = 42370.000011574070000000
    TabOrder = 0
  end
  object dtpDataFinal: TDateTimePicker
    Left = 143
    Top = 64
    Width = 94
    Height = 21
    Date = 42400.999641203710000000
    Format = 'dd/MM/yyyy'
    Time = 42400.999641203710000000
    TabOrder = 1
  end
end
